-0.3153524
-0.3296375
-0.3310604
-0.3317844
-0.3336709
-0.3361149
-0.3385001
-0.3404932
-0.3419476
-0.3428352
-0.3432047
-0.3431475
-0.3427688
-0.3421672
-0.3414249
-0.3406052
-0.3397547
-0.338907
-0.3380859
-0.337308
-0.3365848
-0.3359234
-0.3353282
-0.3348006
-0.3343403
-0.3339455
-0.3336128
-0.3333385
-0.3331179
-0.3329464
-0.3328193
-0.3327319
-0.3326803
-0.3326604
-0.3326689
-0.332703
-0.33276
-0.332838
-0.3329352
-0.3330501
-0.3331815
-0.3333282
-0.3334894
-0.3336641
-0.3338512
-0.3340497
-0.3342585
-0.3344763
-0.3347017
-0.3349333
-0.3351693
-0.3354082
-0.3356484
-0.3358881
-0.3361259
-0.3363602
-0.3365898
-0.3368135
-0.3370303
-0.3372394
-0.3374402
-0.3376322
-0.3378153
-0.3379893
-0.3381541
-0.3383099
-0.3384569
-0.3385953
-0.3387254
-0.3388478
-0.3389626
-0.3390703
-0.3391714
-0.3392662
-0.3393552
-0.3394387
-0.3395172
-0.3395909
-0.3396603
-0.3397257
-0.3397873
-0.3398455
-0.3399005
-0.3399525
-0.3400019
-0.3400487
-0.3400932
-0.3401355
-0.3401759
-0.3402144
-0.3402512
-0.3402864
-0.3403202
-0.3403525
-0.3403836
-0.3404135
-0.3404423
-0.34047
-0.3404967
-0.3405225
-0.3405475
-0.3405716
-0.3405949
-0.3406175
-0.3406394
-0.3406607
-0.3406813
-0.3407013
-0.3407207
-0.3407396
-0.340758
-0.3407759
-0.3407933
-0.3408103
-0.3408268
-0.3408429
-0.3408585
-0.3408738
-0.3408887
-0.3409033
-0.3409175
-0.3409314
-0.3409449
-0.3409581
-0.3409711
-0.3409837
-0.3409961
-0.3410081
-0.3410199
-0.3410315
-0.3410428
-0.3410538
-0.3410647
-0.3410753
-0.3410856
-0.3410958
-0.3411058
-0.3411155
-0.341125
-0.3411344
-0.3411435
-0.3411525
-0.3411613
-0.34117
-0.3411784
-0.3411867
-0.3411949
-0.3412029
-0.3412107
-0.3412184
-0.341226
-0.3412334
-0.3412406
-0.3412478
-0.3412548
-0.3412617
-0.3412685
-0.3412751
-0.3412816
-0.341288
-0.3412943
-0.3413005
-0.3413066
-0.3413125
-0.3413184
-0.3413242
-0.3413298
-0.3413354
-0.3413409
-0.3413463
-0.3413516
-0.3413568
-0.341362
-0.341367
-0.341372
-0.3413768
-0.3413816
-0.3413864
-0.3413911
-0.3413956
-0.3414001
-0.3414046
-0.3414089
-0.3414132
-0.3414175
-0.3414216
-0.3414257
-0.3414298
-0.3414338
-0.3414377
-0.3414416
-0.3414454
-0.3414491
-0.3414528
-0.3414565
-0.34146
-0.3414636
-0.3414671
-0.3414705
-0.3414739
